5.843526622097061640e-01
1.565901881734478307e-01
1.093039701331011276e-01
1.882928823283425493e-02
4.318409584943940990e-03
5.123401649382425260e-02
2.131203923951426327e-01
4.463977197300059152e-03
6.630769167308864231e-02
9.054341665526755012e-02
3.489888255807327422e-02
5.918337128522237894e-02
7.158691741319643705e-03
3.911988750199019041e-04
8.073676717832237171e-02
5.242163204826567890e-02
4.515877150789065347e-02
5.110554348997839447e-02
3.388890180114025735e-02
2.391176274872161209e-02
2.206829151580638748e-02
1.338863284961656214e-02
1.006706173222662870e-02
8.242705330153220211e-03
7.124573748651987122e-03
6.363402686417089608e-03
5.839760781435997770e-03
5.368665619739045568e-03
5.017102152841668855e-03
4.832315066959017545e-03
4.620372230954142290e-03
4.412124529071383833e-03
4.322377129762499867e-03
4.324470443527610002e-03
4.286402230785697764e-03
4.391016929371436769e-03
4.350749365328615559e-03
4.415129583040093911e-03
4.451096799120099826e-03
4.516608550831959119e-03
4.583591747136306523e-03
4.592348878673805160e-03
4.640105673474364222e-03
4.680263731418256301e-03
4.653288662738274198e-03
4.682634094775579500e-03
4.673761161092510226e-03
4.665325172841180285e-03
4.648037328582557692e-03
4.653104080325811027e-03
4.607658873668853128e-03
4.560102467991333959e-03
4.558152998283936629e-03
4.498256089376681359e-03
4.426952502761030347e-03
4.401067511803562898e-03
4.331446860302952222e-03
4.271131239117404756e-03
4.205074992595926944e-03
4.116054626635346110e-03
4.012931853437545424e-03
3.919831905807804120e-03
3.814429145123846357e-03
3.749176697155890206e-03
3.670767721155108413e-03
3.545534264759697598e-03
3.460842353179803977e-03
3.379351911405148023e-03
3.289968353267427783e-03
3.177465231672806784e-03
3.090535969165537043e-03
2.984700063655075421e-03
2.878785015061992476e-03
2.787836324463000438e-03
2.693510843260457210e-03
2.596179265898137817e-03
2.532847460250479618e-03
2.417805032453881030e-03
2.347443169397592146e-03
2.276428370050675477e-03
2.199880644197254979e-03
2.130407041867478628e-03
2.056417738815487575e-03
1.980164544682032519e-03
1.920527124591404032e-03
1.862998947762479649e-03
1.806171897910974385e-03
1.730124463451819441e-03
1.673158331917282615e-03
1.607031242046832965e-03
1.529149810835450695e-03
1.463117071817745651e-03
1.420408610680396182e-03
1.365937456280159716e-03
1.306276137171355749e-03
1.266495283775253590e-03
1.208315869710864261e-03
1.149135315099987682e-03
1.100393771585635953e-03
1.066496672846542265e-03
1.032720149222160662e-03
9.676306944310152178e-04
9.326004309560764977e-04
9.041918327004324143e-04
8.528319413911107563e-04
8.208065885483914340e-04
7.774349499761948465e-04
7.646400728288402053e-04
7.202608541437357939e-04
6.815968573418889134e-04
6.591982642765907910e-03
2.247678062360730644e-03
1.138018691109601160e-03
8.798974891620058589e-04
6.652311942334083973e-04
6.308527637086975160e-04
4.808105658396815600e-04
4.587732967667392686e-04
4.319518154523729696e-04
4.116833384085621678e-04
3.799824840993032958e-04
3.473942191155440697e-04
3.305635603313995243e-04
3.044518636839073410e-04
2.824287902173457012e-04
2.602362490929242995e-04
2.403391843294365926e-04
2.240482723847399195e-04
2.055189693304420510e-04
1.859039203820617820e-04
1.676319083153887592e-04
1.532433808371328355e-04
1.350228266104720428e-04
1.189001460747198148e-04
9.870327644593017338e-05
8.695110834286635037e-05
7.402527567928577918e-05
1.072840131775752437e-01
2.480447033045030461e-02
3.420348205638495953e-02
5.770679297508653216e-02
1.113305328017606330e-03
2.938026279223726611e-02
4.491344927445028307e-02
1.756970285944016094e-02
7.489286484260849032e-04
6.202992727635840697e-02
1.882863733543551840e-02
4.314837749565091085e-02
1.075589812773805349e-03
6.383589332677816475e-02
3.149971000471692151e-02
1.178881774264467323e-02
7.528055768566217689e-04
3.021527467447014670e-02
2.949422783582919191e-02
4.436537190197037034e-06
8.648764408414949187e-03
3.035358113709819491e-02
2.022422684742326837e-02
1.400029252915292906e-02
7.385981269632513162e-03
2.774680220770345870e-03
2.830333965800776140e-03
0.000000000000000000e+00
2.641833281616228282e-03
4.703485758161456663e-03
3.342591470041284766e-03
2.281792747469693714e-03
6.400039118564373542e-04
2.882055725323522388e-01
2.656462051084744203e-01
2.785929923674654862e-01
2.254130063872179443e-02
2.738556066513263554e-01
2.531571237576720201e-01
1.081942927816580829e-01
2.215414351028891990e-02
9.604114713487330035e-02
6.108733679564594399e-02
4.631528966485277433e-03
2.656462695156181497e-01
8.804119035299781681e-02
2.313113691002039590e-02
4.487242939104074679e-03
5.084296061931239952e-02
4.894866931672118247e-03
8.494813823786361018e-02
2.454683089970258747e-01
1.873205451758164219e-02
4.799572787279559466e-03
5.956863023827516958e-03
5.704886861843538187e-02
4.642105820995887089e-02
7.299102605644491870e-02
6.042244456102349899e-03
4.267109204017015787e-03
4.402291390801106770e-03
4.556059046833139253e-04
1.719447072786145156e-02
8.277070979591934219e-02
2.133586929687479594e-02
4.240696419437397537e-03
1.756515946615572546e-02
4.494455876041131628e-03
4.294303294604692278e-04
1.482163825355440299e-02
1.926340660701544817e-03
8.354225785098400026e-02
8.654565562710007931e-02
5.359874821918720299e-03
1.806404886175479955e-03
1.442257491772875851e-03
5.402667965271198275e-02
1.289183463739859183e-02
2.071935962358244232e-02
1.457593746717382888e-03
4.098592788403824724e-03
1.663678866942233095e-03
1.470603513159549969e-04
3.541524665241677604e-03
8.138512290589085263e-02
2.122202185578532171e-02
4.025954370483942994e-03
5.194992056630452770e-03
1.682330947995719795e-03
1.347704584959764408e-04
1.756693968110853562e-03
1.310186287912747626e-02
4.345986466487632149e-02
1.512698563260316681e-02
1.808571665953694670e-03
1.724159699957569401e-03
4.202953154786507987e-03
1.481026768916871234e-04
3.660945422882435317e-03
8.129856079676064939e-02
5.171598413533827314e-03
1.736966597229313907e-03
1.743501351118567980e-02
4.249808319789489912e-03
1.392217146597862928e-04
1.205853833207348605e-03
1.455859724124011724e-03
3.883936225384778600e-04
4.044548556048062869e-03
1.217000095599852713e-02
1.899473422006772716e-02
1.303541345274630142e-03
1.401419703186005013e-02
1.593906977510994210e-03
3.671110520719941123e-04
1.544459985763254424e-03
1.428250054542342751e-04
3.434352064396046546e-03
1.416649068780768972e-04
3.482977873546159401e-03
3.906632787380645002e-04
5.036372050809643716e-03
1.631011113681898449e-03
1.299380483275185702e-04
1.344495602050408572e-04
8.191990797381089665e-04
1.263249397561371987e-02
1.243904548347537706e-02
3.406032143616522130e-03
7.487422260221904876e-04
1.690753505365784511e-03
1.618715496015842069e-03
6.722856205167247051e-05
1.440471088851390897e-03
8.007244510222286116e-02
5.126355744057134456e-03
1.701814967370641769e-03
5.151642498750275134e-03
1.634345887914858330e-03
6.083693715730756552e-05
1.157500197822160454e-03
6.111866408568926174e-04
1.182970520554384739e-04
9.703234427310632225e-04
1.170177426126804525e-02
1.889265792212710404e-02
1.232195501859772221e-03
3.297276928818852586e-03
6.728391187456749141e-04
1.101876611024370429e-04
1.511672368115839172e-03
1.400983360120333415e-04
3.309634003420151849e-03
6.472765293190638279e-05
1.327326767949573707e-03
1.242256909404118701e-04
4.994507407054209376e-03
1.595166496481212554e-03
1.276802398158195166e-04
5.941028080772313208e-05
6.737153921830554230e-04
1.403894936713541083e-03
1.096887186343668689e-04
1.199888663976478483e-03
1.172830939468238673e-02
3.285296434650006141e-03
7.320378395502096782e-04
1.391978867618044041e-02
1.518596776086211450e-03
1.044130989934257390e-04
1.500786834357167605e-03
6.467496212752234437e-05
1.387225871769202359e-03
1.399323106455930990e-04
3.337457220890146722e-03
1.233770626141037971e-04
4.995788105850122209e-03
1.582706959852923185e-03
5.813037245243440042e-05
1.323992480840994644e-04
5.341828707717938794e-04
1.150490943790090186e-04
9.485994631613914579e-04
1.051958981373163343e-04
1.113171629477584463e-03
3.387572849139036907e-04
3.205489329727346723e-03
6.598661392366122038e-04
1.065187023812063912e-04
1.008277903737446311e-04
6.227060658266445341e-05
1.287109244120862236e-03
1.204589472687570098e-04
1.190850618802202971e-04
5.672140156830167011e-05
6.639188469585883276e-04
6.014209254775628290e-04
4.257987871497385837e-05
5.595526112355056220e-04
1.133095217388321169e-02
3.245628985215175902e-03
7.219526198584811554e-04
3.262308781574654176e-03
6.605701537922817248e-04
4.009819057417201118e-05
1.472211099274322015e-03
6.364209680901109596e-05
1.362514531707000043e-03
6.420818558600255852e-05
1.292831354253730228e-03
5.366770559070499025e-05
4.954437658046998740e-03
1.553458616812816500e-03
5.737957640126053690e-05
5.854207535958354627e-05
5.249236603874393422e-04
1.127046598849197888e-04
9.151488724404270450e-04
4.128657228234419144e-05
4.865972026349790714e-04
1.043185890912742554e-04
3.168632859724175750e-03
6.500929546453882487e-04
1.044052672027970393e-04
3.942362956985062330e-05
6.149327221375643462e-05
1.262777428085162671e-03
1.185244408986794692e-04
5.206019938854790152e-05
5.612844739936002035e-05
5.241889076095363311e-04
4.084959932882648422e-05
5.481992619304458395e-04
1.037233515489745922e-04
1.078885008672122395e-03
9.583580873603000125e-05
3.172745566359111338e-03
6.476574298732020807e-04
3.835516878344300663e-05
9.904692634388033304e-05
6.175707177834695001e-05
1.253359102486868281e-03
5.143121047540493660e-05
1.177493098470200306e-04
5.584553040966918030e-05
3.964533372003113952e-05
4.773638034108080045e-04
1.014607601559321451e-04
9.263636860235291697e-05
3.769358585228319632e-05
4.990020059650959749e-05
5.164639634641291074e-04
4.018039953596280414e-05
5.416219166787032647e-04
4.083995090288513956e-05
4.799021912778634355e-04
3.706839130425585528e-05
3.136329968317815887e-03
6.397409770655816241e-04
3.767630433342055520e-05
3.860823516440780402e-05
6.098381479209678444e-05
1.231904687072694774e-03
5.081830083417090879e-05
5.165437128126260812e-05
5.528125252546100621e-05
3.906084942994080976e-05
4.711112829127928254e-04
9.959792439331817317e-05
3.612975347040898230e-05
3.716826918192531263e-05
4.937621722722719618e-05
3.920206012114131638e-05
4.706344276422150903e-04
3.560206462421791916e-05
9.151660810719232353e-05
3.686896023214539773e-05
4.949924392616523137e-05
3.473541451214780349e-05
3.862165321371885515e-05
4.652633349164905850e-04
3.504944499483898080e-05
3.577419618711051607e-05
3.637231984655336670e-05
4.897932658335153478e-05
3.426742705217420440e-05
3.438316316158165692e-05
3.391924172807170068e-05
2.829104100818233825e-01
9.915742945494054883e-02
2.542817941011221716e-02
6.222411115060159925e-03
7.713486289019013016e-04
1.444293058464658655e-04
6.413409812679002674e-06
9.648645465135486630e-07
2.697164194143688576e-01
2.641940240327651443e-02
1.779523949072958329e-03
2.953598299021010156e-05
7.170176352876189707e-01
4.685473226167686245e-01
1.237651096712522464e-01
8.631328066837999635e-02
1.215131390403082108e-02
4.264775462748650325e-02
1.810470394695551932e-01
9.776055362957910763e-03
5.927992186810303321e-02
6.954426254719985045e-02
4.240559683197355628e-02
7.480472686037742402e-02
1.147303407187784743e-02
2.355848078334801463e-02
1.212326734912728687e-01
9.354394112205433043e-02
6.751667124484646287e-02
7.357925760339709131e-02
6.033452877554970617e-02
5.273067389172739899e-02
2.881881751639131170e-02
1.762892890346798302e-02
1.297714741067332138e-02
1.084324457340814750e-02
9.141543125828261243e-03
8.334218328491434583e-03
7.652555376835069346e-03
7.125251086045106784e-03
6.564518307365289559e-03
6.324502312404072304e-03
5.960442454175395033e-03
5.583491621949147887e-03
5.350762255619478068e-03
5.200926216102945247e-03
5.076890928191274410e-03
4.867713692789508995e-03
4.743208771935493451e-03
4.694806134778415144e-03
4.635019003525079305e-03
4.531775553366423903e-03
4.502191493572235172e-03
4.426923290044529335e-03
4.413461365061081658e-03
4.295784700282401052e-03
4.207875632497226279e-03
4.111878644028371665e-03
4.061940987905091061e-03
3.996866426720859129e-03
3.926894750488023507e-03
3.891121384392503060e-03
3.847525517290748074e-03
3.739673748400278597e-03
3.637436405958714529e-03
3.506840387376751987e-03
3.411361776634176581e-03
3.314044302110094251e-03
3.220432923719644246e-03
3.067239294782994705e-03
3.023749544381913734e-03
2.941947077825469038e-03
2.801829996123654520e-03
2.673208773835716694e-03
2.558273106868267938e-03
2.455719609539178117e-03
2.362538999440581475e-03
2.240016607684934980e-03
2.134776245275173123e-03
1.968786615001948820e-03
1.834741606655309297e-03
1.671669467819482564e-03
1.484041098595091038e-03
1.291686315303631951e-03
1.097867390773045199e-03
0.000000000000000000e+00
6.188231988073285977e-02
9.445215632422667698e-04
1.214709549178025483e-01
1.115164086180662085e-03
4.372679156413782076e-02
4.451237277955418480e-03
3.735737517965127125e-02
5.479611582601614204e-03
3.226361164472105279e-03
1.020925966482518800e-03
4.366780807358291126e-03
2.095692230378574418e-04
4.338342553257445999e-01
2.157326343905946464e-01
1.257651550844818278e-02
3.834365906558837023e-01
8.520137956264053902e-02
1.245120199919964171e-02
5.234748360147715301e-02
0.000000000000000000e+00
3.714272348813634217e-01
1.675439866441240377e-02
1.112475713366335110e-03
1.963372027762122583e-03
4.183351842969017936e-02
5.296151039482368400e-02
2.171974427170565106e-03
2.528318376734473363e-04
7.310790420539953617e-05
9.190511552282185428e-03
1.244142184849577823e-02
0.000000000000000000e+00
7.295557146619804771e-05
0.000000000000000000e+00
3.864035964812212454e-02
1.120660443355195150e-02
4.722928057262783101e-04
0.000000000000000000e+00
0.000000000000000000e+00
0.000000000000000000e+00
1.229877341629023041e-02
0.000000000000000000e+00
8.072693055492908507e-06
1.267029880454920696e-04
5.842469335746074886e-05
9.577567816570376358e-04
7.164486232494199532e-03
0.000000000000000000e+00
5.957797896657131655e-05
7.890854798954106437e-07
0.000000000000000000e+00
4.264970434131363733e-05
0.000000000000000000e+00
0.000000000000000000e+00
0.000000000000000000e+00
0.000000000000000000e+00
7.043686732473350594e-03
0.000000000000000000e+00
6.157921638361211145e-06
0.000000000000000000e+00
0.000000000000000000e+00
0.000000000000000000e+00
0.000000000000000000e+00
7.414925885957614925e-07
0.000000000000000000e+00
3.375819338192773085e-05
0.000000000000000000e+00
0.000000000000000000e+00
3.508641204657311774e-01
1.052968455865277153e-01
3.772809067931575666e-01
4.783736805548912119e-01
3.360437200934342505e-01
9.907526133091100473e-02
6.126305434593705412e-02
7.782323832656329148e-03
3.016522928018775668e-02
1.510473766416361996e-01
1.764068199980475121e-02
5.026348065971194407e-02
3.579420016324318804e-02
5.160385194797228320e-02
7.356984296402023504e-02
1.691651797015124303e-02
4.392498808319607317e-02
1.143989638536831721e-01
1.208061123063625952e-01
9.036683484775243080e-02
8.036223639824227605e-02
6.848190960655752002e-02
6.080833541115986812e-02
4.560012328895651779e-02
2.321431694064777021e-02
1.680293818406682765e-02
1.385302875129381696e-02
1.197030963203880860e-02
1.051895983553248655e-02
3.255938416565179461e-02
6.677724115029568669e-03
8.863246334619928959e-03
0.000000000000000000e+00
0.000000000000000000e+00
3.108758721562694394e-01
1.616978128992727359e-01
2.762045779094235431e-01
6.031938235894638428e-02
0.000000000000000000e+00
0.000000000000000000e+00
0.000000000000000000e+00
1.858638195089651057e-01
0.000000000000000000e+00
0.000000000000000000e+00
0.000000000000000000e+00
4.386765653594688723e-03
0.000000000000000000e+00
0.000000000000000000e+00
0.000000000000000000e+00
1.191177025793570916e-03
0.000000000000000000e+00
0.000000000000000000e+00
0.000000000000000000e+00
0.000000000000000000e+00
0.000000000000000000e+00
5.028597042408425866e-01
3.634276591844892712e-01
2.495578535662251962e+00
4.563411145465523511e+00
6.506716691584223611e+01
1.085795668512723744e-01
1.045435150693541787e-01
2.486910962508374068e-01
1.075758925985881020e-01
1.076830771240280260e-01
1.074034117533847477e-01
1.078259898244709192e-01
1.076974505278214533e-01
1.074342119040768706e-01
1.068391529876104723e-01
1.075397537549111493e-01
2.477239715121037356e-01
1.079364596991478353e-01
1.073750756143775215e-01
1.074042330904567688e-01
1.077471414379398557e-01
4.996733130654643085e-01
4.997866576210032719e-01
4.995176696359378554e-01
5.702927205276830946e-01
5.001147818959195135e-01
4.998544179531196341e-01
5.706475382672094865e-01
5.695062900073247780e-01
4.991299984024996084e-01
4.999032875259782349e-01
4.995878939801312590e-01
5.694319589756823285e-01
4.990753794681297983e-01
4.994006290622851618e-01
5.695818530439266114e-01
5.688656468671864364e-01
4.953079050024814523e-01
1.243500654805637790e-01
5.427150866941037044e-02
5.294299549121675441e-02
5.296229691919107641e-02
1.229681653747681236e-01
5.283540029717811309e-02
5.260501516808248346e-02
5.267523951222469886e-02
1.238433003307264219e-01
5.394708041263777260e-02
5.307769481813326418e-02
5.274423185036128392e-02
5.289617926182647173e-02
1.231295581655858784e-01
5.282677625498622548e-02
5.314586581889036571e-02
2.825100726763029590e-01
2.826809108467792653e-01
2.831006142372618495e-01
2.823228077579603701e-01
2.822739381851593898e-01
2.824324562956197493e-01
2.826480573524726703e-01
2.822468340524904029e-01
5.005706241301496329e-01
4.994293758698504226e-01
1.781131663250724584e-01
1.074567986817405174e-01
1.072715871072002780e-01
1.072017734316414450e-01
1.071816506663157142e-01
1.075902660025709057e-01
1.777374044833507638e-01
1.074473533019815463e-01
1.075188096521223630e-01
1.776889455795636896e-01
1.073541315117530759e-01
1.075935513518033460e-01
1.072732297818668745e-01
1.071709732805666004e-01
1.076025860627148611e-01
1.777977727793629836e-01
4.998893247908793858e-01
5.002392145058036643e-01
5.001279232936680641e-01
5.706779277492429747e-01
5.003258655971770663e-01
5.000133467320853065e-01
5.700767088026950091e-01
5.702204428405541758e-01
