1.284190599951540723e-01
6.418165827643738941e-02
4.492334014125584640e-02
2.729770652222111155e-02
1.181846770968256709e-02
2.968998276591313518e-02
7.319577862750906161e-02
6.977236549890369725e-03
3.879982456966769161e-02
7.983672002114208799e-02
4.749942433633710243e-02
6.538934381631253401e-02
1.606063894763354663e-02
2.887122373879846566e-03
6.801820443827585883e-02
6.027319332762536702e-02
5.377312498335305724e-02
5.030383636906079342e-02
3.765939579228191197e-02
3.470965977943530484e-02
3.109407003855798463e-02
2.302678392829600809e-02
1.890046260081572685e-02
1.607932717141453277e-02
1.418062541118795747e-02
1.308019188312183577e-02
1.227169941952572542e-02
1.133327000543212990e-02
1.086011851655672988e-02
1.123234618834183414e-02
1.052404109045857253e-02
1.041560456253177308e-02
1.026457347897558568e-02
1.072223801096187923e-02
1.031023283905564344e-02
1.071227764309402343e-02
1.057153890363647479e-02
1.081591526272365246e-02
1.073337976874086559e-02
1.090757303677926740e-02
1.124788978079636556e-02
1.131139236063329577e-02
1.139707468397294608e-02
1.156794022162162434e-02
1.140235811896282182e-02
1.163191860800436711e-02
1.164868485658011529e-02
1.168310396583011751e-02
1.167197022611447983e-02
1.183602587707915758e-02
1.173580844147989119e-02
1.164352128471298278e-02
1.179463163974186352e-02
1.163873529287905682e-02
1.152318689285200537e-02
1.150536065040417937e-02
1.137520842909780887e-02
1.141719005554475003e-02
1.133227256954699030e-02
1.121014553920171748e-02
1.113143262482636960e-02
1.083149313432452999e-02
1.064785336592034316e-02
1.059953852716173997e-02
1.052860926613779016e-02
1.020165579648787610e-02
1.008742953764055900e-02
1.006052759008602658e-02
9.986723388262081641e-03
9.618048729307751912e-03
9.447154484783205908e-03
9.314095550147904329e-03
9.052064309061162370e-03
8.960772525809389613e-03
8.781831866952236054e-03
8.590878587708938516e-03
8.592475769531480664e-03
8.282753329122774510e-03
8.110384861076718604e-03
7.968637627355237840e-03
7.885296589798829539e-03
7.669928543832321526e-03
7.457502323275066840e-03
7.325798000838567615e-03
7.208039253766037116e-03
7.147443703985099234e-03
7.056867372083564134e-03
6.790532571116036573e-03
6.715489401024042800e-03
6.536461489442649958e-03
6.252969054319797507e-03
6.071473943929416375e-03
6.034244106801007514e-03
5.893605615739575324e-03
5.747989654493546388e-03
5.656594362905814806e-03
5.544872511698672318e-03
5.384490267356489834e-03
5.205458171947263332e-03
5.106833854919996633e-03
5.121057444357427629e-03
4.886658761013833001e-03
4.784375965203767171e-03
4.695631548488827731e-03
4.554393307939857104e-03
4.466210233894418562e-03
4.333443872226444907e-03
4.365144274067459321e-03
4.222083698821466578e-03
4.052696333811658599e-03
1.524894019978766287e-02
8.394246521707081354e-03
6.293357499616387615e-03
5.622253291733859092e-03
4.053215780639983848e-03
3.989133943820193616e-03
3.411501698655097694e-03
3.361461879823515742e-03
3.246606963039058626e-03
3.172175321698304882e-03
3.011685634582492947e-03
2.858764811896151187e-03
2.772457801686831810e-03
2.647223844781909120e-03
2.544304892159888771e-03
2.440986381809503308e-03
2.329517858733803817e-03
2.220171823377277334e-03
2.114939514712101641e-03
2.005295823300106729e-03
1.865081071421234799e-03
1.825546306789251711e-03
1.615312542775412764e-03
1.498313290740074409e-03
1.250121307188995683e-03
1.128426778829361328e-03
9.898278737978068783e-04
5.621517647870512280e-02
1.701039472079183407e-02
3.185282091173329000e-02
5.445025635976256939e-02
3.332660268272064595e-03
2.641443749068500893e-02
2.275757503122195421e-02
1.345668635821876957e-02
2.790400354384655040e-03
3.336015378612709747e-02
2.770643714364172047e-02
3.263313138476305747e-02
3.181332517124349241e-03
3.023679531606309964e-02
2.883477348477105767e-02
1.128575336390084602e-02
2.777919827825024897e-03
1.630053678344141679e-02
1.842697558893919771e-02
1.322056730952698002e-04
2.274597106929887244e-02
2.004908511777661606e-02
2.806715761680465132e-02
2.830290177906194873e-02
1.330448419188959633e-02
5.681794044041853058e-03
8.905858317814320871e-03
1.000000000000000000e+00
6.921332448457741954e-03
1.053193094006197456e-02
5.992626643552435330e-03
5.062167609961193762e-03
3.008392986850499679e-03
5.805798060520906551e-02
6.719646600395118297e-02
6.892990158981383841e-02
2.974858513358158082e-02
6.016951185848251615e-02
6.684491663392043426e-02
4.424263743866795745e-02
2.940201614525290996e-02
5.219775606435123061e-02
5.264758429753963603e-02
1.325233164678258323e-02
6.061477707761418754e-02
4.831058089727684191e-02
2.392281438345644773e-02
1.320280791517958185e-02
5.169992984996110708e-02
1.797268158756480660e-02
4.900818358605439629e-02
6.621557733423137637e-02
1.640680275522427012e-02
1.790437344630870301e-02
1.929761984371498526e-02
4.937703099468075674e-02
4.497547426548632182e-02
3.358554716532447665e-02
2.118208837846684289e-02
1.064598843026348489e-02
1.330937688688875291e-02
2.151218420536912465e-03
2.176876762667029341e-02
4.666259111234857121e-02
2.388058672457373660e-02
1.142123214271891472e-02
1.643765040931613464e-02
1.504066144304835005e-02
2.086360535255886699e-03
3.915954015667576227e-02
1.003481441142461614e-02
4.822885835034555063e-02
4.797939296854973612e-02
9.826707572691941242e-03
9.042345243337832766e-03
1.172643223109117935e-02
4.864050470873691051e-02
3.544632609785453720e-02
2.300146103747148854e-02
1.180068939692975605e-02
1.053415531453370628e-02
7.205562661629573602e-03
1.237486447170755817e-03
9.330028671012405989e-03
4.583545387785815939e-02
2.386411111427823653e-02
1.130410553071255729e-02
9.715428812926682478e-03
8.076196256734080939e-03
1.172299320688889633e-03
1.582378560749375662e-02
3.785261440971225688e-02
4.443224471149590654e-02
1.357088582101360734e-02
1.683057375117327781e-02
8.110854560016107079e-03
1.320031736122581796e-02
1.189952749109050596e-03
1.195181424088031553e-02
4.630937057485751129e-02
9.694828798766375044e-03
9.006494802157753721e-03
1.638712224965821820e-02
1.494068315849693580e-02
1.148968885519765582e-03
8.703789346658885595e-03
1.174374953337599219e-02
1.951537841851395602e-03
1.299257213476351716e-02
3.470061079875037119e-02
2.289743365527857621e-02
9.797003968273498148e-03
1.348502907780295412e-02
1.375823591080083640e-02
1.895004631122159571e-03
6.298607878682312144e-03
1.217327664861508766e-03
9.257394729230237346e-03
1.166104718340813537e-03
1.100921443242208753e-02
1.954640555266407616e-03
9.592210848621048752e-03
8.043189771513565775e-03
1.147277895579485070e-03
1.134460067453823672e-03
9.466220591809723639e-03
3.703167132381204180e-02
3.536100144618828378e-02
8.044549857159334627e-03
8.437686254453260343e-03
8.084268322042582194e-03
7.170118826608109716e-03
8.269013117388980452e-04
6.993534467370075836e-03
4.551061674016564085e-02
9.663311467560073073e-03
8.984705301349059370e-03
9.692750215353857987e-03
8.043412730605365921e-03
7.701617788704121772e-04
8.674108490494578799e-03
6.398750637663086320e-03
1.078426412845592082e-03
7.591723767872412230e-03
3.380091926291257237e-02
2.288377164163446845e-02
9.761624404143817366e-03
7.966689327288006481e-03
7.409762419753486602e-03
1.042584879763426868e-03
6.264343139422780954e-03
1.207428230125405033e-03
9.171792962455774592e-03
8.123494064622680021e-04
6.065135509830469653e-03
1.108768811919318446e-03
9.563768115163779823e-03
8.019239796966138104e-03
1.139160860131523470e-03
7.655076352576023957e-04
7.414096689568081683e-03
1.171932407524215423e-02
9.796154863084844538e-04
1.063117024239315818e-02
3.462135901519803466e-02
7.956083727081579918e-03
8.430578454280319295e-03
1.343663539631758871e-02
1.373318374788927085e-02
9.606019167450556822e-04
6.259406525193166211e-03
8.119329917740704394e-04
6.958795212811392898e-03
1.159968871543037763e-03
1.092403461428873013e-02
1.052247401649365971e-03
9.573064268431488028e-03
8.011225359447256972e-03
7.520367593015833945e-04
1.125095879026740070e-03
5.385305342212149196e-03
1.064079596319624649e-03
7.580493736255023741e-03
9.621718872077720391e-04
9.610117137134232407e-03
1.797379546968335198e-03
7.895511024226375268e-03
7.403630682681140371e-03
1.023990144507614872e-03
9.517055231028562342e-04
7.971675143785117825e-04
6.031002203400300660e-03
1.089197136792690755e-03
1.039057391076269373e-03
7.473699820382468436e-04
7.407097375744341530e-03
6.390518981706092699e-03
6.137323356676694123e-04
6.355605305918325676e-03
3.373108864678960733e-02
7.926472396159848360e-03
8.424720234433309696e-03
7.941670658556337567e-03
7.401731463102929204e-03
6.019035957350902600e-04
6.229603221024753411e-03
8.067205412928410901e-04
6.938883424108890224e-03
8.102585941519149576e-04
6.034681950233911595e-03
7.008121170309619457e-04
9.545216561638206892e-03
7.991561023174196393e-03
7.485514994281386794e-04
7.590540435487437131e-04
5.376498770584583510e-03
1.054540187649557212e-03
7.558664193750570803e-03
6.047055602409734908e-04
5.333973526115747855e-03
1.008896318406646113e-03
7.867870196392181062e-03
7.397814605724532117e-03
1.015413213460639305e-03
6.023636164893427219e-04
7.934638795176573826e-04
6.008124789832037550e-03
1.081916372337197356e-03
6.921820720881499646e-04
7.443340906618771272e-04
5.374465065610544053e-03
5.990248933391701920e-04
6.350225444985167778e-03
9.554205178064348932e-04
9.592988803003178050e-03
9.075412814933176862e-04
7.873591902124645048e-03
7.395625929841620656e-03
5.853372611058582989e-04
9.413405229686468319e-04
7.950374993255384477e-04
6.001674245189935440e-03
6.864962663146758053e-04
1.033150463359950493e-03
7.405566569373228615e-04
5.899326493187641643e-04
5.328405766688562931e-03
9.958692772579402688e-04
8.997738216772734011e-04
5.859435488652984907e-04
6.777740503677556674e-04
5.367531797573769220e-03
5.951620941305850454e-04
6.344266810381582467e-03
6.021880601882189125e-04
5.328138016453461481e-03
5.703956770554333275e-04
7.846707101616359065e-03
7.390892391923194887e-03
5.813833411804725324e-04
5.943109711842829712e-04
7.913357951462537433e-04
5.981928012310760989e-03
6.832563309216459126e-04
6.900282983574467953e-04
7.377462902528490523e-04
5.864382052608787133e-04
5.322469190197120018e-03
9.882145523298446841e-04
5.662117377602553974e-04
5.825897683556309666e-04
6.748734372670197809e-04
5.873511834758296437e-04
5.322161822289352660e-03
5.578742469056016283e-04
8.935567955956889331e-04
5.774021601658514734e-04
6.755756398592607185e-04
5.537123126122395211e-04
5.838578134943990311e-04
5.317162922840428484e-03
5.544140351904641847e-04
5.637738050287176761e-04
5.743253305216583157e-04
6.726799004840641879e-04
5.506833763419339070e-04
5.512188570647216226e-04
5.481939506725096688e-04
6.924706022152395113e-02
4.170107981415335091e-02
2.001090935594482256e-02
9.299910586613266417e-03
2.731011251715542276e-03
1.194406434483280370e-03
2.108749946631715980e-04
6.867455438143411049e-05
6.877924677834461320e-02
1.964864873227990111e-02
4.305527323984209218e-03
3.742368145033648326e-04
1.792296859243819040e-01
8.157879640357430795e-02
4.144111337755598812e-02
3.874303702107393527e-02
1.620480355673660500e-02
2.293548738344314622e-02
6.101316884116360362e-02
1.253702893171351924e-02
3.328210516193706725e-02
7.134847666324010962e-02
4.152578898180612349e-02
9.382856998599226062e-02
1.560728309765077419e-02
3.536915217859154525e-02
8.689832468445822522e-02
6.483389480399920357e-02
5.053368188125039601e-02
6.284156848652214244e-02
6.232458520424960513e-02
6.514529429157765728e-02
3.181620161537930536e-02
2.509097062227664751e-02
1.906359662608865177e-02
1.699492889392060016e-02
1.464747869543707448e-02
1.395933325198689227e-02
1.332855312596045901e-02
1.287066972173446858e-02
1.245515401089445848e-02
1.279753842663997401e-02
1.223318793400738659e-02
1.192846150585331715e-02
1.189386695662380394e-02
1.216049989090565477e-02
1.197590187051213000e-02
1.193254829333355478e-02
1.199796680716768045e-02
1.221000512905706312e-02
1.227713045491903542e-02
1.231254189704129344e-02
1.249779660944874693e-02
1.246179490155961689e-02
1.277232953156113779e-02
1.242294262704252313e-02
1.242345118543143438e-02
1.222346570836612724e-02
1.241743315900671954e-02
1.228338983199843588e-02
1.234258914048402649e-02
1.259636903035548684e-02
1.255806311857488033e-02
1.234655162472943733e-02
1.210055030887819717e-02
1.182483689048143168e-02
1.170346081771710817e-02
1.161784334696398108e-02
1.138276693778459726e-02
1.108363246657177031e-02
1.123846790072369900e-02
1.108212772374215019e-02
1.063622180538902756e-02
1.035967732542487571e-02
1.015376061316218548e-02
9.934041119358224051e-03
9.768748020950917058e-03
9.494067628618842875e-03
9.399425349625662937e-03
8.732837441701035361e-03
8.305270528884651365e-03
7.830093641361281567e-03
6.997439089802221478e-03
6.030892971564639875e-03
5.063360400900616780e-03
1.000000000000000000e+00
4.223488801718515429e-02
2.796734573838932474e-03
4.502678328132117547e-02
3.018478404945450656e-03
2.082847348335251092e-02
1.211674297180238141e-02
2.498279936366466433e-02
1.285106666415825397e-02
5.762655666823329401e-03
3.458579026817421801e-03
6.331227492604720938e-03
1.360475820421975460e-03
6.313363200259125563e-02
5.261828701873063480e-02
1.649420580914514808e-02
7.286218134930128043e-02
3.824798314281478706e-02
1.636247749393475101e-02
2.808086302340493182e-02
1.000000000000000000e+00
7.208217279447333425e-02
1.608247466559464475e-02
8.364691785542419794e-03
6.097810912404162155e-03
2.771345164735033659e-02
2.655790166152333792e-02
7.901900064908790045e-03
1.952785157413838759e-03
6.882959853974802023e-04
1.103353312270091702e-02
1.500955244753695954e-02
1.000000000000000000e+00
7.077818668573277730e-04
1.000000000000000000e+00
2.648699957589406573e-02
1.324997543654950552e-02
5.444744333591503005e-03
1.000000000000000000e+00
1.000000000000000000e+00
1.000000000000000000e+00
1.496972722299843087e-02
1.000000000000000000e+00
2.242690739953375845e-04
1.668371263254796307e-03
6.061297941436772068e-04
2.803752566611088844e-03
1.053758787371316015e-02
1.000000000000000000e+00
6.394181686911194458e-04
8.899659015451329754e-05
1.000000000000000000e+00
5.216261115724597905e-04
1.000000000000000000e+00
1.000000000000000000e+00
1.000000000000000000e+00
1.000000000000000000e+00
1.048929104399753606e-02
1.000000000000000000e+00
1.975587451438508052e-04
1.000000000000000000e+00
1.000000000000000000e+00
1.000000000000000000e+00
1.000000000000000000e+00
8.837066970479164562e-05
1.000000000000000000e+00
4.568057400570881086e-04
1.000000000000000000e+00
1.000000000000000000e+00
6.337337615655672107e-02
3.574099479243834920e-02
6.297564892189928820e-02
1.224910677209152393e-01
5.085929573413665999e-02
3.298426083700193440e-02
2.495545358960150548e-02
9.658973152453812980e-03
1.741846141099324952e-02
3.931596085331632434e-02
1.847929627363002411e-02
3.048562381527757451e-02
4.040278949373041911e-02
3.482224501817207662e-02
8.471015087824375345e-02
1.710520970731040091e-02
4.418029848862438380e-02
6.910286478245575292e-02
7.699919243567236726e-02
5.579155801947877080e-02
5.495615022555423723e-02
6.119315757419119262e-02
6.833691401468369730e-02
4.750306171011257905e-02
2.963337832495859664e-02
2.262523605981712690e-02
1.973149815393901441e-02
1.743384155567928237e-02
1.576998072904439718e-02
1.437927398115719513e-02
9.507265201040697097e-03
1.456383537651309741e-02
1.000000000000000000e+00
1.000000000000000000e+00
3.901391181349075921e-02
3.652209481704935673e-02
4.702998283832344334e-02
2.486258762192707084e-02
1.000000000000000000e+00
1.000000000000000000e+00
1.000000000000000000e+00
3.358462090279281526e-02
1.000000000000000000e+00
1.000000000000000000e+00
1.000000000000000000e+00
8.791840646709878776e-03
1.000000000000000000e+00
1.000000000000000000e+00
1.000000000000000000e+00
3.476923946751762744e-03
1.000000000000000000e+00
1.000000000000000000e+00
1.000000000000000000e+00
1.000000000000000000e+00
1.000000000000000000e+00
6.551304648598557656e-02
4.491972499239980238e-02
1.179836739050886596e+00
2.410494169276675258e+00
4.339466010250220762e+01
3.111109842378346202e-01
3.059643255777502180e-01
4.322543636527600430e-01
3.098440251649719479e-01
3.099797284103564254e-01
3.096254493690984710e-01
3.101605160929363225e-01
3.099979188278754183e-01
3.096644991222413656e-01
3.089086408255676819e-01
3.097982490547933065e-01
4.316906362781684492e-01
3.103001456125477620e-01
3.095895165392596460e-01
3.096264907996015281e-01
3.100607923455819814e-01
4.999998932762855786e-01
4.999999544853877542e-01
4.999997673584652969e-01
4.950342750169471895e-01
4.999999868256165270e-01
4.999999788063990147e-01
4.949837627001075768e-01
4.951453076111057006e-01
4.999992430962549861e-01
4.999999906469608235e-01
4.999998301681913837e-01
4.951557361809680868e-01
4.999991450762950596e-01
4.999996407541050791e-01
4.951346945293850776e-01
4.952348157010266760e-01
4.999779837598084531e-01
3.299804944169562049e-01
2.265526694087197368e-01
2.239197059657450639e-01
2.239582372327264259e-01
3.284006633352217763e-01
2.237047625161747988e-01
2.232436506308885515e-01
2.233843294742187402e-01
3.294026977633878750e-01
2.259132420373360373e-01
2.241884321969050686e-01
2.235224325584114213e-01
2.238262126764707372e-01
3.285858640779889539e-01
2.236875230435163564e-01
2.243242803738048630e-01
4.502200923017402601e-01
4.503025799280907515e-01
4.505048906005366671e-01
4.501295813181389605e-01
4.501059453142173261e-01
4.501825895423093860e-01
4.502867231305072715e-01
4.500928334462803715e-01
4.999996743870871452e-01
4.999996743875336769e-01
3.826079799313739094e-01
3.096931305317242589e-01
3.094582261091830544e-01
3.093696061427417821e-01
3.093440551019941975e-01
3.098622285205837046e-01
3.822915373529172656e-01
3.096811579190202335e-01
3.097717146912948305e-01
3.822506824040518558e-01
3.095629531436699944e-01
3.098663890437134971e-01
3.094603107898282746e-01
3.093304960185105368e-01
3.098778300153250398e-01
3.823424182245285796e-01
4.999999877519436531e-01
4.999999427755668080e-01
4.999999836355654703e-01
4.949794243482866229e-01
4.999998938114774139e-01
4.999999998220444053e-01
4.950648996685729775e-01
4.950445327512644211e-01
